kinematics:
  shoulder:
    x: 0
    y: 0
    z: 0.08959193715535961
    roll: -0
    pitch: 0
    yaw: -1.439250477680679e-05
  upper_arm:
    x: 0.0001437613577936931
    y: 0
    z: 0
    roll: 1.5704346937252
    pitch: 0
    yaw: 2.641886795578706e-05
  forearm:
    x: -0.4253677087877049
    y: 0
    z: 0
    roll: 0.001082899265144061
    pitch: 0.0003450080392340332
    yaw: 8.108756931888966e-05
  wrist_1:
    x: -0.3929388566314437
    y: -0.0003849511228691239
    z: 0.1099556210073516
    roll: 0.003500953808459719
    pitch: -0.002687134483692556
    yaw: 1.167612307818446e-05
  wrist_2:
    x: -6.547514692724171e-07
    y: -0.09514499874958429
    z: 9.12313193039935e-05
    roll: 1.569837460931815
    pitch: 0
    yaw: 2.059271317758139e-05
  wrist_3:
    x: 0.0001225157385971378
    y: 0.08268676329107467
    z: 5.760204084799369e-05
    roll: 1.57149295620978
    pitch: 3.141592653589793
    yaw: 3.141566502643219
  hash: calib_9359935027010810781