kinematics:
  shoulder:
    x: 0
    y: 0
    z: 0.08931704290665018
    roll: -0
    pitch: 0
    yaw: -2.636124844248594e-05
  upper_arm:
    x: 0.0002215911483297583
    y: 0
    z: 0
    roll: 1.570280740283319
    pitch: 0
    yaw: 2.643186078281734e-05
  forearm:
    x: -0.4249969816824738
    y: 0
    z: 0
    roll: 3.139711483656202
    pitch: 3.141416535134544
    yaw: 3.14156698718406
  wrist_1:
    x: -0.3918562500561022
    y: 0.0002701598131436396
    z: 0.1106337883010056
    roll: 3.13915072983119
    pitch: 3.139878222609473
    yaw: 3.141396952307593
  wrist_2:
    x: -0.0003802426122611778
    y: -0.09466252530164383
    z: 0.0001212343195387324
    roll: 1.56951562724806
    pitch: 0
    yaw: -8.272936987860054e-05
  wrist_3:
    x: 0.0005297645111686825
    y: 0.08225658272937811
    z: 5.426044110111835e-05
    roll: 1.571455975317002
    pitch: 3.141592653589793
    yaw: 3.141565528059758
  hash: calib_15840829910793522522